0.0669872981077807,0.75,0.07767896975944043,0.75,0x00ff02ff
0.07767896975944043,0.75,0.0830248055852703,0.7592592592592593,0x00ff04ff
0.0830248055852703,0.7592592592592593,0.08837064141110015,0.75,0x00ff06ff
0.08837064141110015,0.75,0.0990623130627599,0.75,0x00ff08ff
0.0990623130627599,0.75,0.10440814888858976,0.7592592592592593,0x00ff0aff
0.10440814888858976,0.7592592592592593,0.0990623130627599,0.7685185185185185,0x00ff0cff
0.0990623130627599,0.7685185185185185,0.10975398471441963,0.7685185185185186,0x00ff0eff
0.10975398471441963,0.7685185185185186,0.1150998205402495,0.7777777777777778,0x00ff10ff
0.1150998205402495,0.7777777777777778,0.12044565636607936,0.7685185185185185,0x00ff12ff
0.12044565636607936,0.7685185185185185,0.1311373280177391,0.7685185185185185,0x00ff14ff
0.1311373280177391,0.7685185185185185,0.12579149219190922,0.7592592592592593,0x00ff16ff
0.12579149219190922,0.7592592592592593,0.13113732801773909,0.75,0x00ff18ff
0.13113732801773909,0.75,0.14182899966939883,0.75,0x00ff1aff
0.14182899966939883,0.75,0.1471748354952287,0.7592592592592593,0x00ff1cff
0.1471748354952287,0.7592592592592593,0.15252067132105857,0.75,0x00ff1eff
0.15252067132105857,0.75,0.1632123429727183,0.75,0x00ff20ff
0.1632123429727183,0.75,0.16855817879854817,0.7592592592592593,0x00ff22ff
0.16855817879854817,0.7592592592592593,0.1632123429727183,0.7685185185185185,0x00ff24ff
0.1632123429727183,0.7685185185185185,0.17390401462437804,0.7685185185185186,0x00ff26ff
0.17390401462437804,0.7685185185185186,0.17924985045020791,0.7777777777777778,0x00ff28ff
0.17924985045020791,0.7777777777777778,0.17390401462437804,0.7870370370370371,0x00ff2aff
0.17390401462437804,0.7870370370370371,0.1632123429727183,0.7870370370370371,0x00ff2cff
0.1632123429727183,0.7870370370370371,0.16855817879854817,0.7962962962962963,0x00ff2eff
0.16855817879854817,0.7962962962962963,0.16321234297271833,0.8055555555555556,0x00ff30ff
0.16321234297271833,0.8055555555555556,0.17390401462437807,0.8055555555555556,0x00ff32ff
0.17390401462437807,0.8055555555555556,0.17924985045020791,0.8148148148148149,0x00ff34ff
0.17924985045020791,0.8148148148148149,0.18459568627603778,0.8055555555555556,0x00ff36ff
0.18459568627603778,0.8055555555555556,0.19528735792769752,0.8055555555555556,0x00ff38ff
0.19528735792769752,0.8055555555555556,0.2006331937535274,0.8148148148148148,0x00ff3aff
0.2006331937535274,0.8148148148148148,0.19528735792769755,0.8240740740740741,0x00ff3cff
0.19528735792769755,0.8240740740740741,0.20597902957935726,0.824074074074074,0x00ff3eff
0.20597902957935726,0.824074074074074,0.21132486540518713,0.8333333333333333,0x00ff40ff
0.21132486540518713,0.8333333333333333,0.216670701231017,0.824074074074074,0x00ff42ff
0.216670701231017,0.824074074074074,0.22736237288267674,0.824074074074074,0x00ff44ff
0.22736237288267674,0.824074074074074,0.22201653705684687,0.8148148148148147,0x00ff46ff
0.22201653705684687,0.8148148148148147,0.22736237288267672,0.8055555555555555,0x00ff48ff
0.22736237288267672,0.8055555555555555,0.23805404453433646,0.8055555555555555,0x00ff4aff
0.23805404453433646,0.8055555555555555,0.2433998803601663,0.8148148148148148,0x00ff4cff
0.2433998803601663,0.8148148148148148,0.24874571618599617,0.8055555555555555,0x00ff4eff
0.24874571618599617,0.8055555555555555,0.2594373878376559,0.8055555555555555,0x00ff50ff
0.2594373878376559,0.8055555555555555,0.25409155201182604,0.7962962962962962,0x00ff52ff
0.25409155201182604,0.7962962962962962,0.2594373878376559,0.787037037037037,0x00ff54ff
0.2594373878376559,0.787037037037037,0.24874571618599617,0.787037037037037,0x00ff56ff
0.24874571618599617,0.787037037037037,0.2433998803601663,0.7777777777777777,0x00ff58ff
0.2433998803601663,0.7777777777777777,0.24874571618599617,0.7685185185185185,0x00ff5aff
0.24874571618599617,0.7685185185185185,0.2594373878376559,0.7685185185185185,0x00ff5cff
0.2594373878376559,0.7685185185185185,0.25409155201182604,0.7592592592592593,0x00ff5eff
0.25409155201182604,0.7592592592592593,0.2594373878376559,0.75,0x00ff60ff
0.2594373878376559,0.75,0.27012905948931565,0.75,0x00ff62ff
0.27012905948931565,0.75,0.2754748953151455,0.7592592592592593,0x00ff64ff
0.2754748953151455,0.7592592592592593,0.2808207311409754,0.75,0x00ff66ff
0.2808207311409754,0.75,0.29151240279263513,0.75,0x00ff68ff
0.29151240279263513,0.75,0.296858238618465,0.7592592592592593,0x00ff6aff
0.296858238618465,0.7592592592592593,0.29151240279263513,0.7685185185185185,0x00ff6cff
0.29151240279263513,0.7685185185185185,0.30220407444429487,0.7685185185185186,0x00ff6eff
0.30220407444429487,0.7685185185185186,0.30754991027012474,0.7777777777777778,0x00ff70ff
0.30754991027012474,0.7777777777777778,0.3128957460959546,0.7685185185185185,0x00ff72ff
0.3128957460959546,0.7685185185185185,0.32358741774761435,0.7685185185185185,0x00ff74ff
0.32358741774761435,0.7685185185185185,0.3182415819217845,0.7592592592592593,0x00ff76ff
0.3182415819217845,0.7592592592592593,0.32358741774761435,0.75,0x00ff78ff
0.32358741774761435,0.75,0.3342790893992741,0.75,0x00ff7aff
0.3342790893992741,0.75,0.33962492522510396,0.7592592592592593,0x00ff7cff
0.33962492522510396,0.7592592592592593,0.3449707610509338,0.75,0x00ff7eff
0.3449707610509338,0.75,0.35566243270259357,0.75,0x00ff80ff
0.35566243270259357,0.75,0.36100826852842344,0.7592592592592593,0x00ff81ff
0.36100826852842344,0.7592592592592593,0.35566243270259357,0.7685185185185185,0x00ff83ff
0.35566243270259357,0.7685185185185185,0.3663541043542533,0.7685185185185186,0x00ff85ff
0.3663541043542533,0.7685185185185186,0.3716999401800832,0.7777777777777778,0x00ff87ff
0.3716999401800832,0.7777777777777778,0.3663541043542533,0.7870370370370371,0x00ff89ff
0.3663541043542533,0.7870370370370371,0.35566243270259357,0.7870370370370371,0x00ff8bff
0.35566243270259357,0.7870370370370371,0.36100826852842344,0.7962962962962963,0x00ff8dff
0.36100826852842344,0.7962962962962963,0.35566243270259357,0.8055555555555556,0x00ff8fff
0.35566243270259357,0.8055555555555556,0.3663541043542533,0.8055555555555556,0x00ff91ff
0.3663541043542533,0.8055555555555556,0.3716999401800832,0.8148148148148149,0x00ff93ff
0.3716999401800832,0.8148148148148149,0.37704577600591305,0.8055555555555556,0x00ff95ff
0.37704577600591305,0.8055555555555556,0.3877374476575728,0.8055555555555556,0x00ff97ff
0.3877374476575728,0.8055555555555556,0.39308328348340266,0.8148148148148149,0x00ff99ff
0.39308328348340266,0.8148148148148149,0.3877374476575728,0.8240740740740741,0x00ff9bff
0.3877374476575728,0.8240740740740741,0.3984291193092325,0.8240740740740742,0x00ff9dff
0.3984291193092325,0.8240740740740742,0.4037749551350624,0.8333333333333334,0x00ff9fff
0.4037749551350624,0.8333333333333334,0.3984291193092325,0.8425925925925927,0x00ffa1ff
0.3984291193092325,0.8425925925925927,0.3877374476575728,0.8425925925925927,0x00ffa3ff
0.3877374476575728,0.8425925925925927,0.39308328348340266,0.8518518518518519,0x00ffa5ff
0.39308328348340266,0.8518518518518519,0.3877374476575728,0.8611111111111112,0x00ffa7ff
0.3877374476575728,0.8611111111111112,0.37704577600591305,0.8611111111111112,0x00ffa9ff
0.37704577600591305,0.8611111111111112,0.37169994018008323,0.8518518518518519,0x00ffabff
0.37169994018008323,0.8518518518518519,0.3663541043542533,0.8611111111111112,0x00ffadff
0.3663541043542533,0.8611111111111112,0.35566243270259357,0.861111111111111,0x00ffafff
0.35566243270259357,0.861111111111111,0.36100826852842344,0.8703703703703703,0x00ffb1ff
0.36100826852842344,0.8703703703703703,0.35566243270259357,0.8796296296296295,0x00ffb3ff
0.35566243270259357,0.8796296296296295,0.3663541043542533,0.8796296296296295,0x00ffb5ff
0.3663541043542533,0.8796296296296295,0.3716999401800832,0.8888888888888888,0x00ffb7ff
0.3716999401800832,0.8888888888888888,0.3663541043542533,0.8981481481481481,0x00ffb9ff
0.3663541043542533,0.8981481481481481,0.35566243270259357,0.8981481481481481,0x00ffbbff
0.35566243270259357,0.8981481481481481,0.36100826852842344,0.9074074074074074,0x00ffbdff
0.36100826852842344,0.9074074074074074,0.35566243270259357,0.9166666666666666,0x00ffbfff
0.35566243270259357,0.9166666666666666,0.3663541043542533,0.9166666666666666,0x00ffc1ff
0.3663541043542533,0.9166666666666666,0.3716999401800832,0.9259259259259259,0x00ffc3ff
0.3716999401800832,0.9259259259259259,0.37704577600591305,0.9166666666666666,0x00ffc5ff
0.37704577600591305,0.9166666666666666,0.3877374476575728,0.9166666666666666,0x00ffc7ff
0.3877374476575728,0.9166666666666666,0.39308328348340266,0.9259259259259259,0x00ffc9ff
0.39308328348340266,0.9259259259259259,0.3877374476575728,0.9351851851851851,0x00ffcbff
0.3877374476575728,0.9351851851851851,0.3984291193092325,0.9351851851851851,0x00ffcdff
0.3984291193092325,0.9351851851851851,0.40377495513506234,0.9444444444444444,0x00ffcfff
0.40377495513506234,0.9444444444444444,0.4091207909608922,0.9351851851851852,0x00ffd1ff
0.4091207909608922,0.9351851851851852,0.41981246261255195,0.9351851851851852,0x00ffd3ff
0.41981246261255195,0.9351851851851852,0.4144666267867221,0.925925925925926,0x00ffd5ff
0.4144666267867221,0.925925925925926,0.419812462612552,0.9166666666666667,0x00ffd7ff
0.419812462612552,0.9166666666666667,0.43050413426421175,0.9166666666666667,0x00ffd9ff
0.43050413426421175,0.9166666666666667,0.4358499700900416,0.925925925925926,0x00ffdbff
0.4358499700900416,0.925925925925926,0.4411958059158715,0.9166666666666667,0x00ffddff
0.4411958059158715,0.9166666666666667,0.4518874775675312,0.9166666666666667,0x00ffdfff
0.4518874775675312,0.9166666666666667,0.4572333133933611,0.925925925925926,0x00ffe1ff
0.4572333133933611,0.925925925925926,0.4518874775675312,0.9351851851851852,0x00ffe3ff
0.4518874775675312,0.9351851851851852,0.46257914921919097,0.9351851851851853,0x00ffe5ff
0.46257914921919097,0.9351851851851853,0.46792498504502084,0.9444444444444445,0x00ffe7ff
0.46792498504502084,0.9444444444444445,0.46257914921919097,0.9537037037037037,0x00ffe9ff
0.46257914921919097,0.9537037037037037,0.4518874775675312,0.9537037037037037,0x00ffebff
0.4518874775675312,0.9537037037037037,0.4572333133933611,0.962962962962963,0x00ffedff
0.4572333133933611,0.962962962962963,0.4518874775675312,0.9722222222222222,0x00ffefff
0.4518874775675312,0.9722222222222222,0.46257914921919097,0.9722222222222222,0x00fff1ff
0.46257914921919097,0.9722222222222222,0.4679249850450208,0.9814814814814815,0x00fff3ff
0.4679249850450208,0.9814814814814815,0.4732708208708507,0.9722222222222223,0x00fff5ff
0.4732708208708507,0.9722222222222223,0.48396249252251045,0.9722222222222223,0x00fff7ff
0.48396249252251045,0.9722222222222223,0.4893083283483403,0.9814814814814815,0x00fff9ff
0.4893083283483403,0.9814814814814815,0.48396249252251045,0.9907407407407408,0x00fffbff
0.48396249252251045,0.9907407407407408,0.4946541641741702,0.9907407407407407,0x00fffdff
0.4946541641741702,0.9907407407407407,0.5,1.0,0x00ffffff
0.5,1.0,0.5053458358258298,0.9907407407407407,0x00fdffff
0.5053458358258298,0.9907407407407407,0.5160375074774896,0.9907407407407407,0x00fbffff
0.5160375074774896,0.9907407407407407,0.5106916716516596,0.9814814814814814,0x00f9ffff
0.5106916716516596,0.9814814814814814,0.5160375074774896,0.9722222222222222,0x00f7ffff
0.5160375074774896,0.9722222222222222,0.5267291791291493,0.9722222222222222,0x00f5ffff
0.5267291791291493,0.9722222222222222,0.5320750149549791,0.9814814814814815,0x00f3ffff
0.5320750149549791,0.9814814814814815,0.537420850780809,0.9722222222222222,0x00f1ffff
0.537420850780809,0.9722222222222222,0.5481125224324688,0.9722222222222222,0x00efffff
0.5481125224324688,0.9722222222222222,0.5427666866066388,0.9629629629629629,0x00edffff
0.5427666866066388,0.9629629629629629,0.5481125224324688,0.9537037037037037,0x00ebffff
0.5481125224324688,0.9537037037037037,0.5374208507808089,0.9537037037037037,0x00e9ffff
0.5374208507808089,0.9537037037037037,0.5320750149549791,0.9444444444444444,0x00e7ffff
0.5320750149549791,0.9444444444444444,0.537420850780809,0.9351851851851851,0x00e5ffff
0.537420850780809,0.9351851851851851,0.5481125224324688,0.9351851851851851,0x00e3ffff
0.5481125224324688,0.9351851851851851,0.542766686606639,0.9259259259259258,0x00e1ffff
0.542766686606639,0.9259259259259258,0.5481125224324688,0.9166666666666666,0x00dfffff
0.5481125224324688,0.9166666666666666,0.5588041940841285,0.9166666666666666,0x00ddffff
0.5588041940841285,0.9166666666666666,0.5641500299099584,0.9259259259259259,0x00dbffff
0.5641500299099584,0.9259259259259259,0.5694958657357883,0.9166666666666666,0x00d9ffff
0.5694958657357883,0.9166666666666666,0.580187537387448,0.9166666666666666,0x00d7ffff
0.580187537387448,0.9166666666666666,0.5855333732132778,0.9259259259259259,0x00d5ffff
0.5855333732132778,0.9259259259259259,0.580187537387448,0.9351851851851851,0x00d3ffff
0.580187537387448,0.9351851851851851,0.5908792090391077,0.9351851851851851,0x00d1ffff
0.5908792090391077,0.9351851851851851,0.5962250448649375,0.9444444444444444,0x00cfffff
0.5962250448649375,0.9444444444444444,0.6015708806907675,0.9351851851851851,0x00cdffff
0.6015708806907675,0.9351851851851851,0.6122625523424272,0.9351851851851851,0x00cbffff
0.6122625523424272,0.9351851851851851,0.6069167165165974,0.9259259259259258,0x00c9ffff
0.6069167165165974,0.9259259259259258,0.6122625523424272,0.9166666666666666,0x00c7ffff
0.6122625523424272,0.9166666666666666,0.622954223994087,0.9166666666666666,0x00c5ffff
0.622954223994087,0.9166666666666666,0.6283000598199169,0.9259259259259259,0x00c3ffff
0.6283000598199169,0.9259259259259259,0.6336458956457467,0.9166666666666666,0x00c1ffff
0.6336458956457467,0.9166666666666666,0.6443375672974064,0.9166666666666666,0x00bfffff
0.6443375672974064,0.9166666666666666,0.6389917314715765,0.9074074074074073,0x00bdffff
0.6389917314715765,0.9074074074074073,0.6443375672974064,0.8981481481481481,0x00bbffff
0.6443375672974064,0.8981481481481481,0.6336458956457467,0.8981481481481481,0x00b9ffff
0.6336458956457467,0.8981481481481481,0.6283000598199168,0.8888888888888888,0x00b7ffff
0.6283000598199168,0.8888888888888888,0.6336458956457467,0.8796296296296295,0x00b5ffff
0.6336458956457467,0.8796296296296295,0.6443375672974064,0.8796296296296295,0x00b3ffff
0.6443375672974064,0.8796296296296295,0.6389917314715765,0.8703703703703702,0x00b1ffff
0.6389917314715765,0.8703703703703702,0.6443375672974064,0.861111111111111,0x00afffff
0.6443375672974064,0.861111111111111,0.6336458956457467,0.861111111111111,0x00adffff
0.6336458956457467,0.861111111111111,0.6283000598199168,0.8518518518518517,0x00abffff
0.6283000598199168,0.8518518518518517,0.622954223994087,0.861111111111111,0x00a9ffff
0.622954223994087,0.861111111111111,0.6122625523424272,0.861111111111111,0x00a7ffff
0.6122625523424272,0.861111111111111,0.6069167165165973,0.8518518518518517,0x00a5ffff
0.6069167165165973,0.8518518518518517,0.6122625523424272,0.8425925925925926,0x00a3ffff
0.6122625523424272,0.8425925925925926,0.6015708806907674,0.8425925925925926,0x00a1ffff
0.6015708806907674,0.8425925925925926,0.5962250448649375,0.8333333333333333,0x009fffff
0.5962250448649375,0.8333333333333333,0.6015708806907675,0.824074074074074,0x009dffff
0.6015708806907675,0.824074074074074,0.6122625523424272,0.824074074074074,0x009bffff
0.6122625523424272,0.824074074074074,0.6069167165165974,0.8148148148148147,0x0099ffff
0.6069167165165974,0.8148148148148147,0.6122625523424272,0.8055555555555555,0x0097ffff
0.6122625523424272,0.8055555555555555,0.622954223994087,0.8055555555555555,0x0095ffff
0.622954223994087,0.8055555555555555,0.6283000598199168,0.8148148148148148,0x0093ffff
0.6283000598199168,0.8148148148148148,0.6336458956457467,0.8055555555555556,0x0091ffff
0.6336458956457467,0.8055555555555556,0.6443375672974063,0.8055555555555556,0x008fffff
0.6443375672974063,0.8055555555555556,0.6389917314715765,0.7962962962962963,0x008dffff
0.6389917314715765,0.7962962962962963,0.6443375672974064,0.7870370370370371,0x008bffff
0.6443375672974064,0.7870370370370371,0.6336458956457467,0.787037037037037,0x0089ffff
0.6336458956457467,0.787037037037037,0.6283000598199169,0.7777777777777777,0x0087ffff
0.6283000598199169,0.7777777777777777,0.6336458956457467,0.7685185185185185,0x0085ffff
0.6336458956457467,0.7685185185185185,0.6443375672974064,0.7685185185185185,0x0083ffff
0.6443375672974064,0.7685185185185185,0.6389917314715765,0.7592592592592593,0x0081ffff
0.6389917314715765,0.7592592592592593,0.6443375672974064,0.75,0x0080ffff
0.6443375672974064,0.75,0.6550292389490662,0.75,0x007effff
0.6550292389490662,0.75,0.660375074774896,0.7592592592592593,0x007cffff
0.660375074774896,0.7592592592592593,0.6657209106007259,0.75,0x007affff
0.6657209106007259,0.75,0.6764125822523857,0.75,0x0078ffff
0.6764125822523857,0.75,0.6817584180782156,0.7592592592592593,0x0076ffff
0.6817584180782156,0.7592592592592593,0.6764125822523857,0.7685185185185186,0x0074ffff
0.6764125822523857,0.7685185185185186,0.6871042539040455,0.7685185185185186,0x0072ffff
0.6871042539040455,0.7685185185185186,0.6924500897298753,0.7777777777777778,0x0070ffff
0.6924500897298753,0.7777777777777778,0.6977959255557051,0.7685185185185185,0x006effff
0.6977959255557051,0.7685185185185185,0.7084875972073649,0.7685185185185185,0x006cffff
0.7084875972073649,0.7685185185185185,0.703141761381535,0.7592592592592593,0x006affff
0.703141761381535,0.7592592592592593,0.7084875972073649,0.75,0x0068ffff
0.7084875972073649,0.75,0.7191792688590246,0.75,0x0066ffff
0.7191792688590246,0.75,0.7245251046848544,0.7592592592592593,0x0064ffff
0.7245251046848544,0.7592592592592593,0.7298709405106844,0.75,0x0062ffff
0.7298709405106844,0.75,0.7405626121623441,0.75,0x0060ffff
0.7405626121623441,0.75,0.7459084479881739,0.7592592592592593,0x005effff
0.7459084479881739,0.7592592592592593,0.7405626121623441,0.7685185185185185,0x005cffff
0.7405626121623441,0.7685185185185185,0.7512542838140037,0.7685185185185186,0x005affff
0.7512542838140037,0.7685185185185186,0.7566001196398336,0.7777777777777778,0x0058ffff
0.7566001196398336,0.7777777777777778,0.7512542838140038,0.787037037037037,0x0056ffff
0.7512542838140038,0.787037037037037,0.7405626121623441,0.787037037037037,0x0054ffff
0.7405626121623441,0.787037037037037,0.7459084479881739,0.7962962962962963,0x0052ffff
0.7459084479881739,0.7962962962962963,0.7405626121623441,0.8055555555555555,0x0050ffff
0.7405626121623441,0.8055555555555555,0.7512542838140038,0.8055555555555555,0x004effff
0.7512542838140038,0.8055555555555555,0.7566001196398336,0.8148148148148148,0x004cffff
0.7566001196398336,0.8148148148148148,0.7619459554656636,0.8055555555555556,0x004affff
0.7619459554656636,0.8055555555555556,0.7726376271173232,0.8055555555555556,0x0048ffff
0.7726376271173232,0.8055555555555556,0.7779834629431531,0.8148148148148148,0x0046ffff
0.7779834629431531,0.8148148148148148,0.7726376271173233,0.8240740740740741,0x0044ffff
0.7726376271173233,0.8240740740740741,0.783329298768983,0.824074074074074,0x0042ffff
0.783329298768983,0.824074074074074,0.7886751345948129,0.8333333333333333,0x0040ffff
0.7886751345948129,0.8333333333333333,0.7940209704206427,0.824074074074074,0x003effff
0.7940209704206427,0.824074074074074,0.8047126420723024,0.824074074074074,0x003cffff
0.8047126420723024,0.824074074074074,0.7993668062464725,0.8148148148148147,0x003affff
0.7993668062464725,0.8148148148148147,0.8047126420723024,0.8055555555555555,0x0038ffff
0.8047126420723024,0.8055555555555555,0.8154043137239622,0.8055555555555555,0x0036ffff
0.8154043137239622,0.8055555555555555,0.820750149549792,0.8148148148148148,0x0034ffff
0.820750149549792,0.8148148148148148,0.8260959853756219,0.8055555555555555,0x0032ffff
0.8260959853756219,0.8055555555555555,0.8367876570272816,0.8055555555555555,0x0030ffff
0.8367876570272816,0.8055555555555555,0.8314418212014517,0.7962962962962962,0x002effff
0.8314418212014517,0.7962962962962962,0.8367876570272816,0.787037037037037,0x002cffff
0.8367876570272816,0.787037037037037,0.8260959853756218,0.787037037037037,0x002affff
0.8260959853756218,0.787037037037037,0.820750149549792,0.7777777777777777,0x0028ffff
0.820750149549792,0.7777777777777777,0.8260959853756219,0.7685185185185185,0x0026ffff
0.8260959853756219,0.7685185185185185,0.8367876570272815,0.7685185185185185,0x0024ffff
0.8367876570272815,0.7685185185185185,0.8314418212014518,0.7592592592592593,0x0022ffff
0.8314418212014518,0.7592592592592593,0.8367876570272816,0.75,0x0020ffff
0.8367876570272816,0.75,0.8474793286789414,0.75,0x001effff
0.8474793286789414,0.75,0.8528251645047713,0.7592592592592593,0x001cffff
0.8528251645047713,0.7592592592592593,0.8581710003306011,0.75,0x001affff
0.8581710003306011,0.75,0.8688626719822609,0.75,0x0018ffff
0.8688626719822609,0.75,0.8742085078080907,0.7592592592592593,0x0016ffff
0.8742085078080907,0.7592592592592593,0.8688626719822609,0.7685185185185185,0x0014ffff
0.8688626719822609,0.7685185185185185,0.8795543436339206,0.7685185185185186,0x0012ffff
0.8795543436339206,0.7685185185185186,0.8849001794597504,0.7777777777777778,0x0010ffff
0.8849001794597504,0.7777777777777778,0.8902460152855803,0.7685185185185185,0x000effff
0.8902460152855803,0.7685185185185185,0.9009376869372401,0.7685185185185185,0x000cffff
0.9009376869372401,0.7685185185185185,0.8955918511114103,0.7592592592592593,0x000affff
0.8955918511114103,0.7592592592592593,0.9009376869372401,0.75,0x0008ffff
0.9009376869372401,0.75,0.9116293585888998,0.75,0x0006ffff
0.9116293585888998,0.75,0.9169751944147297,0.7592592592592593,0x0004ffff
0.9169751944147297,0.7592592592592593,0.9223210302405596,0.75,0x0002ffff
0.9223210302405596,0.75,0.9330127018922193,0.75,0x0000ffff
0.5,0.0,0.49465416417417013,0.009259259259259259,0xff0200ff
0.49465416417417013,0.009259259259259259,0.4839624925225104,0.00925925925925926,0xff0400ff
0.4839624925225104,0.00925925925925926,0.48930832834834026,0.018518518518518517,0xff0600ff
0.48930832834834026,0.018518518518518517,0.4839624925225104,0.027777777777777776,0xff0800ff
0.4839624925225104,0.027777777777777776,0.47327082087085065,0.027777777777777776,0xff0a00ff
0.47327082087085065,0.027777777777777776,0.4679249850450208,0.018518518518518517,0xff0c00ff
0.4679249850450208,0.018518518518518517,0.4625791492191909,0.027777777777777776,0xff0e00ff
0.4625791492191909,0.027777777777777776,0.45188747756753117,0.02777777777777778,0xff1000ff
0.45188747756753117,0.02777777777777778,0.45723331339336104,0.037037037037037035,0xff1200ff
0.45723331339336104,0.037037037037037035,0.45188747756753117,0.046296296296296294,0xff1400ff
0.45188747756753117,0.046296296296296294,0.4625791492191909,0.046296296296296294,0xff1600ff
0.4625791492191909,0.046296296296296294,0.4679249850450208,0.05555555555555555,0xff1800ff
0.4679249850450208,0.05555555555555555,0.4625791492191909,0.06481481481481481,0xff1a00ff
0.4625791492191909,0.06481481481481481,0.45188747756753117,0.06481481481481481,0xff1c00ff
0.45188747756753117,0.06481481481481481,0.45723331339336104,0.07407407407407407,0xff1e00ff
0.45723331339336104,0.07407407407407407,0.45188747756753117,0.08333333333333333,0xff2000ff
0.45188747756753117,0.08333333333333333,0.44119580591587143,0.08333333333333333,0xff2200ff
0.44119580591587143,0.08333333333333333,0.43584997009004156,0.07407407407407407,0xff2400ff
0.43584997009004156,0.07407407407407407,0.4305041342642117,0.08333333333333333,0xff2600ff
0.4305041342642117,0.08333333333333333,0.41981246261255195,0.08333333333333333,0xff2800ff
0.41981246261255195,0.08333333333333333,0.4144666267867221,0.07407407407407407,0xff2a00ff
0.4144666267867221,0.07407407407407407,0.41981246261255195,0.06481481481481483,0xff2c00ff
0.41981246261255195,0.06481481481481483,0.4091207909608922,0.06481481481481483,0xff2e00ff
0.4091207909608922,0.06481481481481483,0.40377495513506234,0.055555555555555566,0xff3000ff
0.40377495513506234,0.055555555555555566,0.39842911930923247,0.06481481481481483,0xff3200ff
0.39842911930923247,0.06481481481481483,0.3877374476575728,0.06481481481481484,0xff3400ff
0.3877374476575728,0.06481481481481484,0.3930832834834026,0.07407407407407408,0xff3600ff
0.3930832834834026,0.07407407407407408,0.3877374476575728,0.08333333333333334,0xff3800ff
0.3877374476575728,0.08333333333333334,0.37704577600591305,0.08333333333333334,0xff3a00ff
0.37704577600591305,0.08333333333333334,0.3716999401800832,0.07407407407407408,0xff3c00ff
0.3716999401800832,0.07407407407407408,0.3663541043542533,0.08333333333333334,0xff3e00ff
0.3663541043542533,0.08333333333333334,0.35566243270259357,0.08333333333333334,0xff4000ff
0.35566243270259357,0.08333333333333334,0.36100826852842344,0.0925925925925926,0xff4200ff
0.36100826852842344,0.0925925925925926,0.35566243270259357,0.10185185185185186,0xff4400ff
0.35566243270259357,0.10185185185185186,0.3663541043542533,0.10185185185185186,0xff4600ff
0.3663541043542533,0.10185185185185186,0.3716999401800832,0.11111111111111112,0xff4800ff
0.3716999401800832,0.11111111111111112,0.3663541043542533,0.12037037037037038,0xff4a00ff
0.3663541043542533,0.12037037037037038,0.35566243270259357,0.12037037037037038,0xff4c00ff
0.35566243270259357,0.12037037037037038,0.36100826852842344,0.12962962962962965,0xff4e00ff
0.36100826852842344,0.12962962962962965,0.35566243270259357,0.1388888888888889,0xff5000ff
0.35566243270259357,0.1388888888888889,0.3663541043542533,0.1388888888888889,0xff5200ff
0.3663541043542533,0.1388888888888889,0.3716999401800832,0.14814814814814817,0xff5400ff
0.3716999401800832,0.14814814814814817,0.37704577600591305,0.1388888888888889,0xff5600ff
0.37704577600591305,0.1388888888888889,0.3877374476575728,0.1388888888888889,0xff5800ff
0.3877374476575728,0.1388888888888889,0.39308328348340266,0.14814814814814814,0xff5a00ff
0.39308328348340266,0.14814814814814814,0.3877374476575728,0.15740740740740738,0xff5c00ff
0.3877374476575728,0.15740740740740738,0.3984291193092325,0.15740740740740738,0xff5e00ff
0.3984291193092325,0.15740740740740738,0.40377495513506234,0.16666666666666666,0xff6000ff
0.40377495513506234,0.16666666666666666,0.39842911930923247,0.17592592592592593,0xff6200ff
0.39842911930923247,0.17592592592592593,0.38773744765757273,0.17592592592592593,0xff6400ff
0.38773744765757273,0.17592592592592593,0.3930832834834026,0.18518518518518517,0xff6600ff
0.3930832834834026,0.18518518518518517,0.38773744765757273,0.19444444444444445,0xff6800ff
0.38773744765757273,0.19444444444444445,0.377045776005913,0.19444444444444445,0xff6a00ff
0.377045776005913,0.19444444444444445,0.3716999401800831,0.1851851851851852,0xff6c00ff
0.3716999401800831,0.1851851851851852,0.3663541043542533,0.19444444444444445,0xff6e00ff
0.3663541043542533,0.19444444444444445,0.35566243270259357,0.19444444444444445,0xff7000ff
0.35566243270259357,0.19444444444444445,0.36100826852842344,0.2037037037037037,0xff7200ff
0.36100826852842344,0.2037037037037037,0.35566243270259357,0.21296296296296294,0xff7400ff
0.35566243270259357,0.21296296296296294,0.3663541043542533,0.21296296296296297,0xff7600ff
0.3663541043542533,0.21296296296296297,0.3716999401800831,0.2222222222222222,0xff7800ff
0.3716999401800831,0.2222222222222222,0.36635410435425325,0.23148148148148148,0xff7a00ff
0.36635410435425325,0.23148148148148148,0.3556624327025935,0.23148148148148148,0xff7c00ff
0.3556624327025935,0.23148148148148148,0.3610082685284234,0.24074074074074076,0xff7e00ff
0.3610082685284234,0.24074074074074076,0.35566243270259357,0.25,0xff8000ff
0.35566243270259357,0.25,0.3449707610509338,0.25,0xff8100ff
0.3449707610509338,0.25,0.33962492522510396,0.24074074074074073,0xff8300ff
0.33962492522510396,0.24074074074074073,0.3342790893992741,0.25,0xff8500ff
0.3342790893992741,0.25,0.32358741774761435,0.25,0xff8700ff
0.32358741774761435,0.25,0.3182415819217845,0.24074074074074076,0xff8900ff
0.3182415819217845,0.24074074074074076,0.32358741774761435,0.23148148148148148,0xff8b00ff
0.32358741774761435,0.23148148148148148,0.3128957460959546,0.2314814814814815,0xff8d00ff
0.3128957460959546,0.2314814814814815,0.30754991027012474,0.22222222222222224,0xff8f00ff
0.30754991027012474,0.22222222222222224,0.30220407444429487,0.23148148148148148,0xff9100ff
0.30220407444429487,0.23148148148148148,0.29151240279263513,0.23148148148148148,0xff9300ff
0.29151240279263513,0.23148148148148148,0.296858238618465,0.24074074074074076,0xff9500ff
0.296858238618465,0.24074074074074076,0.29151240279263513,0.25,0xff9700ff
0.29151240279263513,0.25,0.2808207311409754,0.25,0xff9900ff
0.2808207311409754,0.25,0.2754748953151455,0.24074074074074076,0xff9b00ff
0.2754748953151455,0.24074074074074076,0.27012905948931565,0.25,0xff9d00ff
0.27012905948931565,0.25,0.25943738783765596,0.25,0xff9f00ff
0.25943738783765596,0.25,0.2540915520118261,0.24074074074074076,0xffa100ff
0.2540915520118261,0.24074074074074076,0.25943738783765596,0.23148148148148148,0xffa300ff
0.25943738783765596,0.23148148148148148,0.24874571618599622,0.2314814814814815,0xffa500ff
0.24874571618599622,0.2314814814814815,0.24339988036016635,0.22222222222222224,0xffa700ff
0.24339988036016635,0.22222222222222224,0.2487457161859962,0.21296296296296297,0xffa900ff
0.2487457161859962,0.21296296296296297,0.25943738783765596,0.21296296296296294,0xffab00ff
0.25943738783765596,0.21296296296296294,0.25409155201182604,0.2037037037037037,0xffad00ff
0.25409155201182604,0.2037037037037037,0.2594373878376559,0.19444444444444442,0xffaf00ff
0.2594373878376559,0.19444444444444442,0.2487457161859962,0.19444444444444445,0xffb100ff
0.2487457161859962,0.19444444444444445,0.2433998803601663,0.1851851851851852,0xffb300ff
0.2433998803601663,0.1851851851851852,0.23805404453433648,0.19444444444444448,0xffb500ff
0.23805404453433648,0.19444444444444448,0.22736237288267674,0.19444444444444448,0xffb700ff
0.22736237288267674,0.19444444444444448,0.22201653705684687,0.1851851851851852,0xffb900ff
0.22201653705684687,0.1851851851851852,0.22736237288267672,0.17592592592592593,0xffbb00ff
0.22736237288267672,0.17592592592592593,0.216670701231017,0.17592592592592593,0xffbd00ff
0.216670701231017,0.17592592592592593,0.2113248654051871,0.16666666666666669,0xffbf00ff
0.2113248654051871,0.16666666666666669,0.20597902957935724,0.17592592592592593,0xffc100ff
0.20597902957935724,0.17592592592592593,0.19528735792769752,0.17592592592592593,0xffc300ff
0.19528735792769752,0.17592592592592593,0.2006331937535274,0.18518518518518517,0xffc500ff
0.2006331937535274,0.18518518518518517,0.19528735792769752,0.19444444444444445,0xffc700ff
0.19528735792769752,0.19444444444444445,0.18459568627603778,0.19444444444444445,0xffc900ff
0.18459568627603778,0.19444444444444445,0.17924985045020791,0.1851851851851852,0xffcb00ff
0.17924985045020791,0.1851851851851852,0.17390401462437804,0.19444444444444448,0xffcd00ff
0.17390401462437804,0.19444444444444448,0.1632123429727183,0.19444444444444448,0xffcf00ff
0.1632123429727183,0.19444444444444448,0.16855817879854817,0.20370370370370372,0xffd100ff
0.16855817879854817,0.20370370370370372,0.1632123429727183,0.21296296296296297,0xffd300ff
0.1632123429727183,0.21296296296296297,0.17390401462437804,0.21296296296296297,0xffd500ff
0.17390401462437804,0.21296296296296297,0.17924985045020791,0.2222222222222222,0xffd700ff
0.17924985045020791,0.2222222222222222,0.17390401462437804,0.23148148148148148,0xffd900ff
0.17390401462437804,0.23148148148148148,0.1632123429727183,0.23148148148148148,0xffdb00ff
0.1632123429727183,0.23148148148148148,0.16855817879854817,0.24074074074074076,0xffdd00ff
0.16855817879854817,0.24074074074074076,0.16321234297271833,0.25,0xffdf00ff
0.16321234297271833,0.25,0.1525206713210586,0.25,0xffe100ff
0.1525206713210586,0.25,0.14717483549522872,0.24074074074074073,0xffe300ff
0.14717483549522872,0.24074074074074073,0.14182899966939885,0.25,0xffe500ff
0.14182899966939885,0.25,0.1311373280177391,0.25,0xffe700ff
0.1311373280177391,0.25,0.12579149219190924,0.24074074074074076,0xffe900ff
0.12579149219190924,0.24074074074074076,0.1311373280177391,0.23148148148148148,0xffeb00ff
0.1311373280177391,0.23148148148148148,0.12044565636607937,0.2314814814814815,0xffed00ff
0.12044565636607937,0.2314814814814815,0.1150998205402495,0.22222222222222224,0xffef00ff
0.1150998205402495,0.22222222222222224,0.10975398471441963,0.23148148148148148,0xfff100ff
0.10975398471441963,0.23148148148148148,0.09906231306275991,0.23148148148148148,0xfff300ff
0.09906231306275991,0.23148148148148148,0.10440814888858976,0.24074074074074076,0xfff500ff
0.10440814888858976,0.24074074074074076,0.09906231306275991,0.25,0xfff700ff
0.09906231306275991,0.25,0.08837064141110017,0.25,0xfff900ff
0.08837064141110017,0.25,0.08302480558527028,0.24074074074074078,0xfffb00ff
0.08302480558527028,0.24074074074074078,0.07767896975944044,0.25,0xfffd00ff
0.07767896975944044,0.25,0.0669872981077807,0.25000000000000006,0xffff00ff
0.0669872981077807,0.25000000000000006,0.07233313393361057,0.2592592592592593,0xfdff00ff
0.07233313393361057,0.2592592592592593,0.0669872981077807,0.2685185185185186,0xfbff00ff
0.0669872981077807,0.2685185185185186,0.07767896975944044,0.2685185185185186,0xf9ff00ff
0.07767896975944044,0.2685185185185186,0.0830248055852703,0.27777777777777785,0xf7ff00ff
0.0830248055852703,0.27777777777777785,0.07767896975944043,0.2870370370370371,0xf5ff00ff
0.07767896975944043,0.2870370370370371,0.06698729810778072,0.2870370370370371,0xf3ff00ff
0.06698729810778072,0.2870370370370371,0.07233313393361057,0.29629629629629634,0xf1ff00ff
0.07233313393361057,0.29629629629629634,0.0669872981077807,0.3055555555555556,0xefff00ff
0.0669872981077807,0.3055555555555556,0.07767896975944043,0.3055555555555556,0xedff00ff
0.07767896975944043,0.3055555555555556,0.0830248055852703,0.3148148148148148,0xebff00ff
0.0830248055852703,0.3148148148148148,0.08837064141110015,0.3055555555555556,0xe9ff00ff
0.08837064141110015,0.3055555555555556,0.0990623130627599,0.3055555555555556,0xe7ff00ff
0.0990623130627599,0.3055555555555556,0.10440814888858976,0.3148148148148148,0xe5ff00ff
0.10440814888858976,0.3148148148148148,0.0990623130627599,0.3240740740740741,0xe3ff00ff
0.0990623130627599,0.3240740740740741,0.10975398471441963,0.32407407407407407,0xe1ff00ff
0.10975398471441963,0.32407407407407407,0.1150998205402495,0.33333333333333337,0xdfff00ff
0.1150998205402495,0.33333333333333337,0.10975398471441963,0.3425925925925926,0xddff00ff
0.10975398471441963,0.3425925925925926,0.0990623130627599,0.3425925925925926,0xdbff00ff
0.0990623130627599,0.3425925925925926,0.10440814888858976,0.35185185185185186,0xd9ff00ff
0.10440814888858976,0.35185185185185186,0.09906231306275991,0.36111111111111116,0xd7ff00ff
0.09906231306275991,0.36111111111111116,0.08837064141110018,0.36111111111111116,0xd5ff00ff
0.08837064141110018,0.36111111111111116,0.08302480558527031,0.3518518518518519,0xd3ff00ff
0.08302480558527031,0.3518518518518519,0.07767896975944044,0.36111111111111116,0xd1ff00ff
0.07767896975944044,0.36111111111111116,0.06698729810778072,0.36111111111111116,0xcfff00ff
0.06698729810778072,0.36111111111111116,0.07233313393361059,0.3703703703703704,0xcdff00ff
0.07233313393361059,0.3703703703703704,0.0669872981077807,0.3796296296296297,0xcbff00ff
0.0669872981077807,0.3796296296296297,0.07767896975944044,0.37962962962962965,0xc9ff00ff
0.07767896975944044,0.37962962962962965,0.08302480558527031,0.38888888888888895,0xc7ff00ff
0.08302480558527031,0.38888888888888895,0.07767896975944046,0.3981481481481482,0xc5ff00ff
0.07767896975944046,0.3981481481481482,0.06698729810778073,0.3981481481481482,0xc3ff00ff
0.06698729810778073,0.3981481481481482,0.0723331339336106,0.40740740740740744,0xc1ff00ff
0.0723331339336106,0.40740740740740744,0.06698729810778073,0.4166666666666667,0xbfff00ff
0.06698729810778073,0.4166666666666667,0.07767896975944046,0.4166666666666667,0xbdff00ff
0.07767896975944046,0.4166666666666667,0.08302480558527033,0.42592592592592593,0xbbff00ff
0.08302480558527033,0.42592592592592593,0.08837064141110018,0.4166666666666667,0xb9ff00ff
0.08837064141110018,0.4166666666666667,0.09906231306275992,0.4166666666666667,0xb7ff00ff
0.09906231306275992,0.4166666666666667,0.10440814888858979,0.42592592592592593,0xb5ff00ff
0.10440814888858979,0.42592592592592593,0.09906231306275994,0.4351851851851852,0xb3ff00ff
0.09906231306275994,0.4351851851851852,0.10975398471441966,0.4351851851851852,0xb1ff00ff
0.10975398471441966,0.4351851851851852,0.11509982054024952,0.4444444444444444,0xafff00ff
0.11509982054024952,0.4444444444444444,0.12044565636607939,0.4351851851851852,0xadff00ff
0.12044565636607939,0.4351851851851852,0.1311373280177391,0.4351851851851852,0xabff00ff
0.1311373280177391,0.4351851851851852,0.12579149219190924,0.42592592592592593,0xa9ff00ff
0.12579149219190924,0.42592592592592593,0.1311373280177391,0.4166666666666667,0xa7ff00ff
0.1311373280177391,0.4166666666666667,0.14182899966939885,0.4166666666666667,0xa5ff00ff
0.14182899966939885,0.4166666666666667,0.1471748354952287,0.42592592592592593,0xa3ff00ff
0.1471748354952287,0.42592592592592593,0.15252067132105857,0.4166666666666667,0xa1ff00ff
0.15252067132105857,0.4166666666666667,0.1632123429727183,0.4166666666666667,0x9fff00ff
0.1632123429727183,0.4166666666666667,0.16855817879854817,0.42592592592592593,0x9dff00ff
0.16855817879854817,0.42592592592592593,0.1632123429727183,0.43518518518518523,0x9bff00ff
0.1632123429727183,0.43518518518518523,0.17390401462437804,0.43518518518518523,0x99ff00ff
0.17390401462437804,0.43518518518518523,0.17924985045020791,0.4444444444444445,0x97ff00ff
0.17924985045020791,0.4444444444444445,0.17390401462437804,0.4537037037037037,0x95ff00ff
0.17390401462437804,0.4537037037037037,0.1632123429727183,0.4537037037037038,0x93ff00ff
0.1632123429727183,0.4537037037037038,0.16855817879854817,0.462962962962963,0x91ff00ff
0.16855817879854817,0.462962962962963,0.16321234297271833,0.47222222222222227,0x8fff00ff
0.16321234297271833,0.47222222222222227,0.17390401462437807,0.47222222222222227,0x8dff00ff
0.17390401462437807,0.47222222222222227,0.17924985045020794,0.4814814814814815,0x8bff00ff
0.17924985045020794,0.4814814814814815,0.18459568627603778,0.4722222222222222,0x89ff00ff
0.18459568627603778,0.4722222222222222,0.19528735792769752,0.4722222222222222,0x87ff00ff
0.19528735792769752,0.4722222222222222,0.2006331937535274,0.48148148148148145,0x85ff00ff
0.2006331937535274,0.48148148148148145,0.19528735792769752,0.49074074074074076,0x83ff00ff
0.19528735792769752,0.49074074074074076,0.20597902957935726,0.4907407407407407,0x81ff00ff
0.20597902957935726,0.4907407407407407,0.21132486540518713,0.5,0x80ff00ff
0.21132486540518713,0.5,0.20597902957935726,0.5092592592592593,0x7eff00ff
0.20597902957935726,0.5092592592592593,0.19528735792769752,0.5092592592592593,0x7cff00ff
0.19528735792769752,0.5092592592592593,0.2006331937535274,0.5185185185185186,0x7aff00ff
0.2006331937535274,0.5185185185185186,0.19528735792769752,0.5277777777777778,0x78ff00ff
0.19528735792769752,0.5277777777777778,0.18459568627603778,0.5277777777777778,0x76ff00ff
0.18459568627603778,0.5277777777777778,0.17924985045020791,0.5185185185185185,0x74ff00ff
0.17924985045020791,0.5185185185185185,0.17390401462437804,0.5277777777777778,0x72ff00ff
0.17390401462437804,0.5277777777777778,0.1632123429727183,0.5277777777777778,0x70ff00ff
0.1632123429727183,0.5277777777777778,0.16855817879854817,0.5370370370370371,0x6eff00ff
0.16855817879854817,0.5370370370370371,0.1632123429727183,0.5462962962962963,0x6cff00ff
0.1632123429727183,0.5462962962962963,0.17390401462437804,0.5462962962962963,0x6aff00ff
0.17390401462437804,0.5462962962962963,0.17924985045020791,0.5555555555555556,0x68ff00ff
0.17924985045020791,0.5555555555555556,0.17390401462437804,0.5648148148148149,0x66ff00ff
0.17390401462437804,0.5648148148148149,0.1632123429727183,0.5648148148148149,0x64ff00ff
0.1632123429727183,0.5648148148148149,0.16855817879854817,0.5740740740740742,0x62ff00ff
0.16855817879854817,0.5740740740740742,0.16321234297271833,0.5833333333333334,0x60ff00ff
0.16321234297271833,0.5833333333333334,0.1525206713210586,0.5833333333333334,0x5eff00ff
0.1525206713210586,0.5833333333333334,0.14717483549522872,0.5740740740740741,0x5cff00ff
0.14717483549522872,0.5740740740740741,0.14182899966939885,0.5833333333333334,0x5aff00ff
0.14182899966939885,0.5833333333333334,0.1311373280177391,0.5833333333333334,0x58ff00ff
0.1311373280177391,0.5833333333333334,0.12579149219190924,0.5740740740740741,0x56ff00ff
0.12579149219190924,0.5740740740740741,0.1311373280177391,0.5648148148148149,0x54ff00ff
0.1311373280177391,0.5648148148148149,0.12044565636607937,0.5648148148148149,0x52ff00ff
0.12044565636607937,0.5648148148148149,0.1150998205402495,0.5555555555555556,0x50ff00ff
0.1150998205402495,0.5555555555555556,0.10975398471441963,0.5648148148148149,0x4eff00ff
0.10975398471441963,0.5648148148148149,0.0990623130627599,0.5648148148148149,0x4cff00ff
0.0990623130627599,0.5648148148148149,0.10440814888858976,0.5740740740740742,0x4aff00ff
0.10440814888858976,0.5740740740740742,0.09906231306275991,0.5833333333333334,0x48ff00ff
0.09906231306275991,0.5833333333333334,0.08837064141110017,0.5833333333333334,0x46ff00ff
0.08837064141110017,0.5833333333333334,0.0830248055852703,0.5740740740740741,0x44ff00ff
0.0830248055852703,0.5740740740740741,0.07767896975944044,0.5833333333333334,0x42ff00ff
0.07767896975944044,0.5833333333333334,0.0669872981077807,0.5833333333333334,0x40ff00ff
0.0669872981077807,0.5833333333333334,0.07233313393361057,0.5925925925925927,0x3eff00ff
0.07233313393361057,0.5925925925925927,0.0669872981077807,0.6018518518518519,0x3cff00ff
0.0669872981077807,0.6018518518518519,0.07767896975944044,0.6018518518518519,0x3aff00ff
0.07767896975944044,0.6018518518518519,0.08302480558527031,0.6111111111111112,0x38ff00ff
0.08302480558527031,0.6111111111111112,0.07767896975944044,0.6203703703703705,0x36ff00ff
0.07767896975944044,0.6203703703703705,0.06698729810778069,0.6203703703703705,0x34ff00ff
0.06698729810778069,0.6203703703703705,0.07233313393361057,0.6296296296296298,0x32ff00ff
0.07233313393361057,0.6296296296296298,0.06698729810778069,0.638888888888889,0x30ff00ff
0.06698729810778069,0.638888888888889,0.07767896975944043,0.638888888888889,0x2eff00ff
0.07767896975944043,0.638888888888889,0.08302480558527031,0.6481481481481483,0x2cff00ff
0.08302480558527031,0.6481481481481483,0.08837064141110018,0.638888888888889,0x2aff00ff
0.08837064141110018,0.638888888888889,0.09906231306275992,0.638888888888889,0x28ff00ff
0.09906231306275992,0.638888888888889,0.10440814888858979,0.6481481481481483,0x26ff00ff
0.10440814888858979,0.6481481481481483,0.09906231306275992,0.6574074074074074,0x24ff00ff
0.09906231306275992,0.6574074074074074,0.10975398471441966,0.6574074074074074,0x22ff00ff
0.10975398471441966,0.6574074074074074,0.11509982054024952,0.6666666666666667,0x20ff00ff
0.11509982054024952,0.6666666666666667,0.10975398471441965,0.675925925925926,0x1eff00ff
0.10975398471441965,0.675925925925926,0.09906231306275991,0.675925925925926,0x1cff00ff
0.09906231306275991,0.675925925925926,0.10440814888858978,0.6851851851851853,0x1aff00ff
0.10440814888858978,0.6851851851851853,0.09906231306275991,0.6944444444444445,0x18ff00ff
0.09906231306275991,0.6944444444444445,0.08837064141110018,0.6944444444444445,0x16ff00ff
0.08837064141110018,0.6944444444444445,0.08302480558527031,0.6851851851851852,0x14ff00ff
0.08302480558527031,0.6851851851851852,0.07767896975944046,0.6944444444444445,0x12ff00ff
0.07767896975944046,0.6944444444444445,0.06698729810778073,0.6944444444444445,0x10ff00ff
0.06698729810778073,0.6944444444444445,0.07233313393361059,0.7037037037037038,0x0eff00ff
0.07233313393361059,0.7037037037037038,0.06698729810778072,0.712962962962963,0x0cff00ff
0.06698729810778072,0.712962962962963,0.07767896975944044,0.712962962962963,0x0aff00ff
0.07767896975944044,0.712962962962963,0.08302480558527031,0.7222222222222223,0x08ff00ff
0.08302480558527031,0.7222222222222223,0.07767896975944044,0.7314814814814815,0x06ff00ff
0.07767896975944044,0.7314814814814815,0.06698729810778073,0.7314814814814815,0x04ff00ff
0.06698729810778073,0.7314814814814815,0.07233313393361057,0.7407407407407407,0x02ff00ff
0.07233313393361057,0.7407407407407407,0.0669872981077807,0.75,0x00ff00ff
0.9330127018922193,0.75,0.9276668660663895,0.7407407407407407,0x0200ffff
0.9276668660663895,0.7407407407407407,0.9330127018922193,0.7314814814814815,0x0400ffff
0.9330127018922193,0.7314814814814815,0.9223210302405596,0.7314814814814814,0x0600ffff
0.9223210302405596,0.7314814814814814,0.9169751944147297,0.7222222222222222,0x0800ffff
0.9169751944147297,0.7222222222222222,0.9223210302405596,0.7129629629629629,0x0a00ffff
0.9223210302405596,0.7129629629629629,0.9330127018922193,0.7129629629629629,0x0c00ffff
0.9330127018922193,0.7129629629629629,0.9276668660663894,0.7037037037037037,0x0e00ffff
0.9276668660663894,0.7037037037037037,0.9330127018922193,0.6944444444444444,0x1000ffff
0.9330127018922193,0.6944444444444444,0.9223210302405596,0.6944444444444444,0x1200ffff
0.9223210302405596,0.6944444444444444,0.9169751944147296,0.6851851851851851,0x1400ffff
0.9169751944147296,0.6851851851851851,0.9116293585888998,0.6944444444444444,0x1600ffff
0.9116293585888998,0.6944444444444444,0.9009376869372401,0.6944444444444444,0x1800ffff
0.9009376869372401,0.6944444444444444,0.8955918511114103,0.6851851851851851,0x1a00ffff
0.8955918511114103,0.6851851851851851,0.9009376869372401,0.6759259259259259,0x1c00ffff
0.9009376869372401,0.6759259259259259,0.8902460152855804,0.6759259259259258,0x1e00ffff
0.8902460152855804,0.6759259259259258,0.8849001794597505,0.6666666666666666,0x2000ffff
0.8849001794597505,0.6666666666666666,0.8902460152855803,0.6574074074074073,0x2200ffff
0.8902460152855803,0.6574074074074073,0.9009376869372401,0.6574074074074073,0x2400ffff
0.9009376869372401,0.6574074074074073,0.8955918511114103,0.6481481481481481,0x2600ffff
0.8955918511114103,0.6481481481481481,0.9009376869372401,0.6388888888888888,0x2800ffff
0.9009376869372401,0.6388888888888888,0.9116293585888998,0.6388888888888888,0x2a00ffff
0.9116293585888998,0.6388888888888888,0.9169751944147297,0.6481481481481481,0x2c00ffff
0.9169751944147297,0.6481481481481481,0.9223210302405596,0.6388888888888888,0x2e00ffff
0.9223210302405596,0.6388888888888888,0.9330127018922193,0.6388888888888888,0x3000ffff
0.9330127018922193,0.6388888888888888,0.9276668660663895,0.6296296296296295,0x3200ffff
0.9276668660663895,0.6296296296296295,0.9330127018922193,0.6203703703703703,0x3400ffff
0.9330127018922193,0.6203703703703703,0.9223210302405596,0.6203703703703702,0x3600ffff
0.9223210302405596,0.6203703703703702,0.9169751944147297,0.611111111111111,0x3800ffff
0.9169751944147297,0.611111111111111,0.9223210302405596,0.6018518518518517,0x3a00ffff
0.9223210302405596,0.6018518518518517,0.9330127018922193,0.6018518518518517,0x3c00ffff
0.9330127018922193,0.6018518518518517,0.9276668660663894,0.5925925925925926,0x3e00ffff
0.9276668660663894,0.5925925925925926,0.9330127018922193,0.5833333333333333,0x4000ffff
0.9330127018922193,0.5833333333333333,0.9223210302405596,0.5833333333333333,0x4200ffff
0.9223210302405596,0.5833333333333333,0.9169751944147296,0.574074074074074,0x4400ffff
0.9169751944147296,0.574074074074074,0.9116293585888998,0.5833333333333333,0x4600ffff
0.9116293585888998,0.5833333333333333,0.9009376869372401,0.5833333333333333,0x4800ffff
0.9009376869372401,0.5833333333333333,0.8955918511114102,0.574074074074074,0x4a00ffff
0.8955918511114102,0.574074074074074,0.9009376869372401,0.5648148148148147,0x4c00ffff
0.9009376869372401,0.5648148148148147,0.8902460152855802,0.5648148148148147,0x4e00ffff
0.8902460152855802,0.5648148148148147,0.8849001794597504,0.5555555555555555,0x5000ffff
0.8849001794597504,0.5555555555555555,0.8795543436339206,0.5648148148148148,0x5200ffff
0.8795543436339206,0.5648148148148148,0.8688626719822609,0.5648148148148148,0x5400ffff
0.8688626719822609,0.5648148148148148,0.8742085078080908,0.574074074074074,0x5600ffff
0.8742085078080908,0.574074074074074,0.8688626719822609,0.5833333333333333,0x5800ffff
0.8688626719822609,0.5833333333333333,0.8581710003306011,0.5833333333333333,0x5a00ffff
0.8581710003306011,0.5833333333333333,0.8528251645047712,0.574074074074074,0x5c00ffff
0.8528251645047712,0.574074074074074,0.8474793286789414,0.5833333333333333,0x5e00ffff
0.8474793286789414,0.5833333333333333,0.8367876570272816,0.5833333333333333,0x6000ffff
0.8367876570272816,0.5833333333333333,0.8314418212014518,0.574074074074074,0x6200ffff
0.8314418212014518,0.574074074074074,0.8367876570272816,0.5648148148148148,0x6400ffff
0.8367876570272816,0.5648148148148148,0.826095985375622,0.5648148148148147,0x6600ffff
0.826095985375622,0.5648148148148147,0.8207501495497921,0.5555555555555555,0x6800ffff
0.8207501495497921,0.5555555555555555,0.8260959853756219,0.5462962962962963,0x6a00ffff
0.8260959853756219,0.5462962962962963,0.8367876570272816,0.5462962962962963,0x6c00ffff
0.8367876570272816,0.5462962962962963,0.8314418212014518,0.537037037037037,0x6e00ffff
0.8314418212014518,0.537037037037037,0.8367876570272816,0.5277777777777778,0x7000ffff
0.8367876570272816,0.5277777777777778,0.8260959853756219,0.5277777777777778,0x7200ffff
0.8260959853756219,0.5277777777777778,0.8207501495497921,0.5185185185185185,0x7400ffff
0.8207501495497921,0.5185185185185185,0.8154043137239622,0.5277777777777777,0x7600ffff
0.8154043137239622,0.5277777777777777,0.8047126420723025,0.5277777777777777,0x7800ffff
0.8047126420723025,0.5277777777777777,0.7993668062464726,0.5185185185185185,0x7a00ffff
0.7993668062464726,0.5185185185185185,0.8047126420723024,0.5092592592592592,0x7c00ffff
0.8047126420723024,0.5092592592592592,0.7940209704206427,0.5092592592592593,0x7e00ffff
0.7940209704206427,0.5092592592592593,0.7886751345948129,0.5,0x7f00ffff
0.7886751345948129,0.5,0.7940209704206427,0.49074074074074076,0x8100ffff
0.7940209704206427,0.49074074074074076,0.8047126420723024,0.4907407407407407,0x8300ffff
0.8047126420723024,0.4907407407407407,0.7993668062464725,0.4814814814814815,0x8500ffff
0.7993668062464725,0.4814814814814815,0.8047126420723024,0.4722222222222222,0x8700ffff
0.8047126420723024,0.4722222222222222,0.8154043137239622,0.4722222222222222,0x8900ffff
0.8154043137239622,0.4722222222222222,0.820750149549792,0.48148148148148145,0x8b00ffff
0.820750149549792,0.48148148148148145,0.8260959853756219,0.4722222222222222,0x8d00ffff
0.8260959853756219,0.4722222222222222,0.8367876570272816,0.4722222222222222,0x8f00ffff
0.8367876570272816,0.4722222222222222,0.8314418212014517,0.46296296296296297,0x9100ffff
0.8314418212014517,0.46296296296296297,0.8367876570272816,0.45370370370370366,0x9300ffff
0.8367876570272816,0.45370370370370366,0.8260959853756218,0.4537037037037037,0x9500ffff
0.8260959853756218,0.4537037037037037,0.820750149549792,0.4444444444444444,0x9700ffff
0.820750149549792,0.4444444444444444,0.8260959853756219,0.4351851851851852,0x9900ffff
0.8260959853756219,0.4351851851851852,0.8367876570272816,0.4351851851851852,0x9b00ffff
0.8367876570272816,0.4351851851851852,0.8314418212014518,0.42592592592592593,0x9d00ffff
0.8314418212014518,0.42592592592592593,0.8367876570272816,0.4166666666666667,0x9f00ffff
0.8367876570272816,0.4166666666666667,0.8474793286789414,0.4166666666666667,0xa100ffff
0.8474793286789414,0.4166666666666667,0.8528251645047713,0.42592592592592593,0xa300ffff
0.8528251645047713,0.42592592592592593,0.8581710003306011,0.4166666666666667,0xa500ffff
0.8581710003306011,0.4166666666666667,0.8688626719822609,0.4166666666666667,0xa700ffff
0.8688626719822609,0.4166666666666667,0.8742085078080907,0.42592592592592593,0xa900ffff
0.8742085078080907,0.42592592592592593,0.8688626719822609,0.4351851851851852,0xab00ffff
0.8688626719822609,0.4351851851851852,0.8795543436339206,0.4351851851851852,0xad00ffff
0.8795543436339206,0.4351851851851852,0.8849001794597504,0.4444444444444444,0xaf00ffff
0.8849001794597504,0.4444444444444444,0.8902460152855803,0.4351851851851852,0xb100ffff
0.8902460152855803,0.4351851851851852,0.9009376869372401,0.4351851851851852,0xb300ffff
0.9009376869372401,0.4351851851851852,0.8955918511114103,0.42592592592592593,0xb500ffff
0.8955918511114103,0.42592592592592593,0.9009376869372401,0.41666666666666663,0xb700ffff
0.9009376869372401,0.41666666666666663,0.9116293585888998,0.41666666666666663,0xb900ffff
0.9116293585888998,0.41666666666666663,0.9169751944147296,0.4259259259259259,0xbb00ffff
0.9169751944147296,0.4259259259259259,0.9223210302405596,0.41666666666666663,0xbd00ffff
0.9223210302405596,0.41666666666666663,0.9330127018922192,0.41666666666666663,0xbf00ffff
0.9330127018922192,0.41666666666666663,0.9276668660663894,0.4074074074074074,0xc100ffff
0.9276668660663894,0.4074074074074074,0.9330127018922192,0.39814814814814814,0xc300ffff
0.9330127018922192,0.39814814814814814,0.9223210302405596,0.39814814814814814,0xc500ffff
0.9223210302405596,0.39814814814814814,0.9169751944147296,0.3888888888888889,0xc700ffff
0.9169751944147296,0.3888888888888889,0.9223210302405594,0.37962962962962965,0xc900ffff
0.9223210302405594,0.37962962962962965,0.9330127018922192,0.3796296296296296,0xcb00ffff
0.9330127018922192,0.3796296296296296,0.9276668660663894,0.37037037037037035,0xcd00ffff
0.9276668660663894,0.37037037037037035,0.9330127018922192,0.3611111111111111,0xcf00ffff
0.9330127018922192,0.3611111111111111,0.9223210302405594,0.3611111111111111,0xd100ffff
0.9223210302405594,0.3611111111111111,0.9169751944147296,0.3518518518518519,0xd300ffff
0.9169751944147296,0.3518518518518519,0.9116293585888997,0.36111111111111116,0xd500ffff
0.9116293585888997,0.36111111111111116,0.9009376869372401,0.36111111111111116,0xd700ffff
0.9009376869372401,0.36111111111111116,0.8955918511114102,0.3518518518518519,0xd900ffff
0.8955918511114102,0.3518518518518519,0.9009376869372401,0.3425925925925926,0xdb00ffff
0.9009376869372401,0.3425925925925926,0.8902460152855802,0.34259259259259267,0xdd00ffff
0.8902460152855802,0.34259259259259267,0.8849001794597504,0.33333333333333337,0xdf00ffff
0.8849001794597504,0.33333333333333337,0.8902460152855802,0.3240740740740741,0xe100ffff
0.8902460152855802,0.3240740740740741,0.90093768693724,0.32407407407407407,0xe300ffff
0.90093768693724,0.32407407407407407,0.89559185111141,0.3148148148148149,0xe500ffff
0.89559185111141,0.3148148148148149,0.90093768693724,0.3055555555555556,0xe700ffff
0.90093768693724,0.3055555555555556,0.9116293585888997,0.3055555555555556,0xe900ffff
0.9116293585888997,0.3055555555555556,0.9169751944147295,0.3148148148148148,0xeb00ffff
0.9169751944147295,0.3148148148148148,0.9223210302405594,0.3055555555555556,0xed00ffff
0.9223210302405594,0.3055555555555556,0.9330127018922192,0.3055555555555556,0xef00ffff
0.9330127018922192,0.3055555555555556,0.9276668660663893,0.29629629629629634,0xf100ffff
0.9276668660663893,0.29629629629629634,0.9330127018922192,0.28703703703703703,0xf300ffff
0.9330127018922192,0.28703703703703703,0.9223210302405593,0.2870370370370371,0xf500ffff
0.9223210302405593,0.2870370370370371,0.9169751944147295,0.2777777777777778,0xf700ffff
0.9169751944147295,0.2777777777777778,0.9223210302405594,0.26851851851851855,0xf900ffff
0.9223210302405594,0.26851851851851855,0.9330127018922192,0.26851851851851855,0xfb00ffff
0.9330127018922192,0.26851851851851855,0.9276668660663894,0.2592592592592593,0xfd00ffff
0.9276668660663894,0.2592592592592593,0.9330127018922192,0.25,0xff00ffff
0.9330127018922192,0.25,0.9223210302405594,0.25,0xff00fdff
0.9223210302405594,0.25,0.9169751944147295,0.24074074074074073,0xff00fbff
0.9169751944147295,0.24074074074074073,0.9116293585888997,0.25,0xff00f9ff
0.9116293585888997,0.25,0.90093768693724,0.25,0xff00f7ff
0.90093768693724,0.25,0.8955918511114102,0.24074074074074076,0xff00f5ff
0.8955918511114102,0.24074074074074076,0.90093768693724,0.2314814814814815,0xff00f3ff
0.90093768693724,0.2314814814814815,0.8902460152855802,0.2314814814814815,0xff00f1ff
0.8902460152855802,0.2314814814814815,0.8849001794597504,0.22222222222222224,0xff00efff
0.8849001794597504,0.22222222222222224,0.8795543436339205,0.23148148148148148,0xff00edff
0.8795543436339205,0.23148148148148148,0.8688626719822607,0.23148148148148148,0xff00ebff
0.8688626719822607,0.23148148148148148,0.8742085078080906,0.24074074074074076,0xff00e9ff
0.8742085078080906,0.24074074074074076,0.8688626719822607,0.25,0xff00e7ff
0.8688626719822607,0.25,0.858171000330601,0.25,0xff00e5ff
0.858171000330601,0.25,0.8528251645047712,0.24074074074074078,0xff00e3ff
0.8528251645047712,0.24074074074074078,0.8474793286789413,0.25,0xff00e1ff
0.8474793286789413,0.25,0.8367876570272816,0.25,0xff00dfff
0.8367876570272816,0.25,0.8314418212014517,0.24074074074074076,0xff00ddff
0.8314418212014517,0.24074074074074076,0.8367876570272816,0.23148148148148148,0xff00dbff
0.8367876570272816,0.23148148148148148,0.8260959853756218,0.2314814814814815,0xff00d9ff
0.8260959853756218,0.2314814814814815,0.820750149549792,0.22222222222222224,0xff00d7ff
0.820750149549792,0.22222222222222224,0.8260959853756219,0.21296296296296297,0xff00d5ff
0.8260959853756219,0.21296296296296297,0.8367876570272816,0.21296296296296297,0xff00d3ff
0.8367876570272816,0.21296296296296297,0.8314418212014518,0.2037037037037037,0xff00d1ff
0.8314418212014518,0.2037037037037037,0.8367876570272816,0.19444444444444442,0xff00cfff
0.8367876570272816,0.19444444444444442,0.8260959853756219,0.19444444444444445,0xff00cdff
0.8260959853756219,0.19444444444444445,0.820750149549792,0.18518518518518515,0xff00cbff
0.820750149549792,0.18518518518518515,0.8154043137239622,0.19444444444444448,0xff00c9ff
0.8154043137239622,0.19444444444444448,0.8047126420723023,0.19444444444444448,0xff00c7ff
0.8047126420723023,0.19444444444444448,0.7993668062464725,0.18518518518518523,0xff00c5ff
0.7993668062464725,0.18518518518518523,0.8047126420723023,0.17592592592592599,0xff00c3ff
0.8047126420723023,0.17592592592592599,0.7940209704206427,0.17592592592592599,0xff00c1ff
0.7940209704206427,0.17592592592592599,0.7886751345948128,0.1666666666666667,0xff00bfff
0.7886751345948128,0.1666666666666667,0.7833292987689829,0.17592592592592596,0xff00bdff
0.7833292987689829,0.17592592592592596,0.7726376271173232,0.17592592592592599,0xff00bbff
0.7726376271173232,0.17592592592592599,0.777983462943153,0.18518518518518523,0xff00b9ff
0.777983462943153,0.18518518518518523,0.7726376271173232,0.19444444444444448,0xff00b7ff
0.7726376271173232,0.19444444444444448,0.7619459554656635,0.19444444444444448,0xff00b5ff
0.7619459554656635,0.19444444444444448,0.7566001196398335,0.18518518518518523,0xff00b3ff
0.7566001196398335,0.18518518518518523,0.7512542838140037,0.19444444444444448,0xff00b1ff
0.7512542838140037,0.19444444444444448,0.740562612162344,0.1944444444444445,0xff00afff
0.740562612162344,0.1944444444444445,0.7459084479881739,0.20370370370370375,0xff00adff
0.7459084479881739,0.20370370370370375,0.740562612162344,0.21296296296296302,0xff00abff
0.740562612162344,0.21296296296296302,0.7512542838140037,0.212962962962963,0xff00a9ff
0.7512542838140037,0.212962962962963,0.7566001196398336,0.22222222222222224,0xff00a7ff
0.7566001196398336,0.22222222222222224,0.7512542838140038,0.23148148148148148,0xff00a5ff
0.7512542838140038,0.23148148148148148,0.7405626121623441,0.2314814814814815,0xff00a3ff
0.7405626121623441,0.2314814814814815,0.7459084479881739,0.24074074074074076,0xff00a1ff
0.7459084479881739,0.24074074074074076,0.7405626121623441,0.25,0xff009fff
0.7405626121623441,0.25,0.7298709405106844,0.25,0xff009dff
0.7298709405106844,0.25,0.7245251046848544,0.24074074074074073,0xff009bff
0.7245251046848544,0.24074074074074073,0.7191792688590246,0.25,0xff0099ff
0.7191792688590246,0.25,0.7084875972073649,0.25,0xff0097ff
0.7084875972073649,0.25,0.703141761381535,0.24074074074074073,0xff0095ff
0.703141761381535,0.24074074074074073,0.7084875972073649,0.23148148148148145,0xff0093ff
0.7084875972073649,0.23148148148148145,0.6977959255557051,0.23148148148148145,0xff0091ff
0.6977959255557051,0.23148148148148145,0.6924500897298752,0.2222222222222222,0xff008fff
0.6924500897298752,0.2222222222222222,0.6871042539040454,0.23148148148148148,0xff008dff
0.6871042539040454,0.23148148148148148,0.6764125822523857,0.23148148148148148,0xff008bff
0.6764125822523857,0.23148148148148148,0.6817584180782155,0.24074074074074076,0xff0089ff
0.6817584180782155,0.24074074074074076,0.6764125822523857,0.25,0xff0087ff
0.6764125822523857,0.25,0.6657209106007259,0.25,0xff0085ff
0.6657209106007259,0.25,0.660375074774896,0.24074074074074073,0xff0083ff
0.660375074774896,0.24074074074074073,0.6550292389490662,0.25,0xff0081ff
0.6550292389490662,0.25,0.6443375672974064,0.25,0xff0080ff
0.6443375672974064,0.25,0.6389917314715766,0.24074074074074076,0xff007eff
0.6389917314715766,0.24074074074074076,0.6443375672974064,0.2314814814814815,0xff007cff
0.6443375672974064,0.2314814814814815,0.6336458956457467,0.2314814814814815,0xff007aff
0.6336458956457467,0.2314814814814815,0.6283000598199169,0.22222222222222224,0xff0078ff
0.6283000598199169,0.22222222222222224,0.6336458956457467,0.212962962962963,0xff0076ff
0.6336458956457467,0.212962962962963,0.6443375672974064,0.21296296296296297,0xff0074ff
0.6443375672974064,0.21296296296296297,0.6389917314715765,0.20370370370370372,0xff0072ff
0.6389917314715765,0.20370370370370372,0.6443375672974064,0.19444444444444448,0xff0070ff
0.6443375672974064,0.19444444444444448,0.6336458956457467,0.19444444444444448,0xff006eff
0.6336458956457467,0.19444444444444448,0.6283000598199168,0.1851851851851852,0xff006cff
0.6283000598199168,0.1851851851851852,0.622954223994087,0.19444444444444448,0xff006aff
0.622954223994087,0.19444444444444448,0.6122625523424272,0.19444444444444448,0xff0068ff
0.6122625523424272,0.19444444444444448,0.6069167165165974,0.1851851851851852,0xff0066ff
0.6069167165165974,0.1851851851851852,0.6122625523424272,0.17592592592592596,0xff0064ff
0.6122625523424272,0.17592592592592596,0.6015708806907676,0.17592592592592593,0xff0062ff
0.6015708806907676,0.17592592592592593,0.5962250448649377,0.16666666666666669,0xff0060ff
0.5962250448649377,0.16666666666666669,0.6015708806907675,0.1574074074074074,0xff005eff
0.6015708806907675,0.1574074074074074,0.6122625523424272,0.1574074074074074,0xff005cff
0.6122625523424272,0.1574074074074074,0.6069167165165974,0.14814814814814814,0xff005aff
0.6069167165165974,0.14814814814814814,0.6122625523424272,0.1388888888888889,0xff0058ff
0.6122625523424272,0.1388888888888889,0.622954223994087,0.1388888888888889,0xff0056ff
0.622954223994087,0.1388888888888889,0.6283000598199169,0.14814814814814814,0xff0054ff
0.6283000598199169,0.14814814814814814,0.6336458956457467,0.1388888888888889,0xff0052ff
0.6336458956457467,0.1388888888888889,0.6443375672974064,0.13888888888888887,0xff0050ff
0.6443375672974064,0.13888888888888887,0.6389917314715766,0.12962962962962962,0xff004eff
0.6389917314715766,0.12962962962962962,0.6443375672974064,0.12037037037037038,0xff004cff
0.6443375672974064,0.12037037037037038,0.6336458956457467,0.12037037037037036,0xff004aff
0.6336458956457467,0.12037037037037036,0.6283000598199169,0.1111111111111111,0xff0048ff
0.6283000598199169,0.1111111111111111,0.6336458956457467,0.10185185185185185,0xff0046ff
0.6336458956457467,0.10185185185185185,0.6443375672974064,0.10185185185185182,0xff0044ff
0.6443375672974064,0.10185185185185182,0.6389917314715765,0.09259259259259259,0xff0042ff
0.6389917314715765,0.09259259259259259,0.6443375672974064,0.08333333333333331,0xff0040ff
0.6443375672974064,0.08333333333333331,0.6336458956457467,0.08333333333333331,0xff003eff
0.6336458956457467,0.08333333333333331,0.6283000598199168,0.07407407407407406,0xff003cff
0.6283000598199168,0.07407407407407406,0.622954223994087,0.08333333333333331,0xff003aff
0.622954223994087,0.08333333333333331,0.6122625523424272,0.08333333333333333,0xff0038ff
0.6122625523424272,0.08333333333333333,0.6069167165165973,0.07407407407407407,0xff0036ff
0.6069167165165973,0.07407407407407407,0.6122625523424272,0.06481481481481478,0xff0034ff
0.6122625523424272,0.06481481481481478,0.6015708806907674,0.0648148148148148,0xff0032ff
0.6015708806907674,0.0648148148148148,0.5962250448649375,0.05555555555555554,0xff0030ff
0.5962250448649375,0.05555555555555554,0.5908792090391077,0.06481481481481481,0xff002eff
0.5908792090391077,0.06481481481481481,0.580187537387448,0.06481481481481483,0xff002cff
0.580187537387448,0.06481481481481483,0.5855333732132779,0.07407407407407407,0xff002aff
0.5855333732132779,0.07407407407407407,0.580187537387448,0.08333333333333334,0xff0028ff
0.580187537387448,0.08333333333333334,0.5694958657357883,0.08333333333333334,0xff0026ff
0.5694958657357883,0.08333333333333334,0.5641500299099583,0.07407407407407408,0xff0024ff
0.5641500299099583,0.07407407407407408,0.5588041940841285,0.08333333333333334,0xff0022ff
0.5588041940841285,0.08333333333333334,0.5481125224324688,0.08333333333333334,0xff0020ff
0.5481125224324688,0.08333333333333334,0.542766686606639,0.07407407407407408,0xff001eff
0.542766686606639,0.07407407407407408,0.5481125224324688,0.06481481481481484,0xff001cff
0.5481125224324688,0.06481481481481484,0.5374208507808091,0.06481481481481483,0xff001aff
0.5374208507808091,0.06481481481481483,0.5320750149549792,0.055555555555555566,0xff0018ff
0.5320750149549792,0.055555555555555566,0.537420850780809,0.04629629629629631,0xff0016ff
0.537420850780809,0.04629629629629631,0.5481125224324688,0.046296296296296294,0xff0014ff
0.5481125224324688,0.046296296296296294,0.542766686606639,0.03703703703703705,0xff0012ff
0.542766686606639,0.03703703703703705,0.5481125224324688,0.02777777777777779,0xff0010ff
0.5481125224324688,0.02777777777777779,0.537420850780809,0.027777777777777787,0xff000eff
0.537420850780809,0.027777777777777787,0.5320750149549792,0.01851851851851856,0xff000cff
0.5320750149549792,0.01851851851851856,0.5267291791291493,0.027777777777777783,0xff000aff
0.5267291791291493,0.027777777777777783,0.5160375074774897,0.027777777777777783,0xff0008ff
0.5160375074774897,0.027777777777777783,0.5106916716516597,0.018518518518518524,0xff0006ff
0.5106916716516597,0.018518518518518524,0.5160375074774897,0.009259259259259241,0xff0004ff
0.5160375074774897,0.009259259259259241,0.5053458358258298,0.009259259259259262,0xff0002ff
0.5053458358258298,0.009259259259259262,0.5,0.0,0xff0000ff
